Model Name: RNN

MAE: 6.115171890038532
MSE: 53.54543325971058
RMSE: 7.317474513772534

Model Name: LSTM

MAE: 3.4190520481191795
MSE: 22.393962735229646
RMSE: 4.7322259809977005

Model Name: GRU

MAE: 4.632047486056387
MSE: 39.338473755490064
RMSE: 6.2720390428862975

