Model Name: RNN

MAE: 1.4892417410615482
MSE: 4.645258605741018
RMSE: 2.155286200424672

Model Name: LSTM

MAE: 1.1787681990237142
MSE: 3.12707380348365
RMSE: 1.7683534158882523

Model Name: GRU

MAE: 1.7165438987580641
MSE: 5.393279715116737
RMSE: 2.3223435824866088

